10100101000000000000000003
10100001000000000000000003
10100001000000000000000003
00111000000000000000000000
01011000000000000000000000
00001101000000000000000001
10100100000000000000000001
10100100000000000000000001
10100100000000000000000001
10100100000000000000000001
10100100000000000000000001
10100100000000000000000001
00001110000000000000000002
01010010000000000000000002
01100001000000000000000003
10100001000000000000000003
10100001000000000000000003
10100000000000000000000001
10100000000000000000000001
10100000000000000000000001
01100000000000000000000000
01010000000000000000000000
00001100000000000000000001
10100100000000000000000001
10000110000000000000000001
01101000000000000000000000
01011000000000000000000000
00001101000000000000000003
10100001000000000000000003
10100001000000000000000003
00011010000000000000000000
01011000000000000000000000
00001101000000000000000000
01011000000000000000000000
11000001000100000000000002
01010000010000000000000002
00000101010000000000000003
10100001000010000000000003
10100001000000000000000013
10000001000000000000000013
10000001000000000000000003
10100001000000000000000001
10000000000000000000000001
10000000000000000000000003
10000000000000000000000003
10100001000000000000000003
10100001000000000000000003
00001011000000000000000002
01010010000000000000000002
01000011000000000000000003
10100001000000000000000013
10100001000000001000000001
10100000000000000000000001
01000010000000000000000002
01010000000000000000000002
00000001000000000000000003
10100001000000000000000003
10000011000000000000000002
01010010000000000000000002
01100001000000000000000003
10100001000000000000000003
10100001000000000000000003
00111000000000000000000000
01011000000000000000000012
00110000000000000000000001
10100000000000001000000001
10100000000000000000000001
01100000000000000000000000
01010000000000000000010000
10000001000000000000000003
00111000000000000000100000
01011000000000000000001000
00001001000000000000001003
10100001000000000000100003
00011010000000000000000002
01010010000000000000000002
01010000000000000000000000
01010000000000000000000000
00011000000000000000000000
01011000000000000000000000
01011000000000000000000000
01010000000000000000000000
10010100000000000000000001
10100100000000000000000001
10100100000000000000000003
10100000000000000000000001
10100100000000000000000001
11000010000000000000000002
01010010000000000000000002
00100101000000000000000003
10010010000000000000000002
01010000000000000000000002
00000000000000000000000001
10100000000000000000000011
10100000000000000000000001
01000000000000000000000000
01010000000000000000000000
00001001000000000000000003
10100000000000000000000001
00001000000000000000000011
10100000000000000000000001
10100000000010000000000011
